1：
k:
1768.58263021386	0	819.991496787351
0	1774.48594271048	614.291116132610
0	0	1

D:
R  -0.355282113331776	0.387006982490335	0.438049392880408
T  -0.00506408791105924	0.00134349457543121

2:
K:
1783.27048208481	0	922.067179277038
0	1788.10887556236	657.815132903212
0	0	1

D:
R:  -0.358070176150434	0.365016787485116	0.350789833291199
T:  -0.00167548144787381	-0.00121352304075076

RR:
0.999959514217592	-0.00860878923298165	-0.00261890695880011
0.00853910920255226	0.999637179823448	-0.0255458867266352
0.00283787592111416	0.0255224893489112	0.999670220121462

TT:
-5.89332185606285	0.0172346698396559	0.521173783363509

######################################################################

1:
K:
1766.66833304141	0	820.546125189340
0	1772.45681180428	615.876298003379
0	0	1
D:   -0.351133443586100	0.328337604286925 0.642482910368868       -0.00506861178493129	0.00126997446635302

2:
K:
1782.18164992550	0	921.560674338573
0	1787.19591302195	657.879794444563
0	0	1
D: -0.356582321909214	0.337351599247406 0.458275375908186        -0.00204752971805536	-0.00136327236821108

RR:
0.999961821805656	-0.00854052183060767	-0.00184781437769673
0.00849388070920067	0.999677630295948	-0.0239267523156633
0.00205156564881014	0.0239101437205665	0.999712006582721
TT: -5.92993275750284	-0.140147227029814	0.629886692150308

    
################################################# red——camera
1：
k:
820.744668141878	-4.53689232192677	341.157948258601
0	837.228646605006	247.648871230492
0	0	1
r: 0.162010136332983	-2.58597328690395	0.741430272174906
d: -0.00662652871464031	0.0135578576732989
2:
k:
826.830806093155	-0.377213289781820	277.256544944560
0	840.131649398170	255.225238190224
0	0	1
r: -0.0429405524814082	0.350792410740029	3.84555220399294
d: 0.000481309621771960	-0.00574256265549609

rr:
0.996912296135354	-0.00193016531393648	0.0784993520737387
0.00203663782063122	0.999997111564775	-0.00127631050111683
-0.0784966618431859	0.00143224438157847	0.996913347666440
tt:
-64.5514651642928	0.323939607576726	0.720553706140040
#############################################################################
elp
 rvecs = [[0.03897037]
 [0.29469065]
 [2.98512907]]
tvecs = [[ 0.03109278]
 [-0.06052072]
 [-0.00328178]]
 
 
rvecs = [[-0.055132  ]
 [ 0.30093984]
 [ 3.04176882]]
tvecs = [[ 0.0431318 ]
 [-0.06365625]
 [-0.00423745]]
 

 
 rvecs = [[0.00354462]
 [0.33391118]
 [3.02877052]]
tvecs = [[ 0.03403107]
 [-0.06674489]
 [-0.00161141]]
 
rvecs = [[1.61487559e-03]
 [3.35581856e-01]
 [3.04116935e+00]]
tvecs = [[ 0.0348728 ]
 [-0.06656589]
 [-0.00173598]]
 
 
 
 [[ 0.10676062  0.00976467  0.23064071]
 [ 0.08306743  0.01018313  0.23035575]
 [ 0.05960796  0.01085407  0.23004834]
 [ 0.03641038  0.01117974  0.22950181]
 [ 0.01337545  0.01128242  0.22942524]
 [-0.01043079  0.01071643  0.22805674]
 [ 0.10622105 -0.01153149  0.22216874]
 [ 0.08329623 -0.01081832  0.22197075]
 [ 0.06033071 -0.01069571  0.22155309]
 [ 0.03691011 -0.01102643  0.22087328]
 [ 0.0140135  -0.01116743  0.22075982]
 [-0.00972799 -0.01099403  0.22042844]
 [ 0.10532598 -0.03280066  0.21370651]
 [ 0.0837171  -0.03234079  0.21365501]
 [ 0.06014121 -0.03208526  0.21329029]
 [ 0.03664946 -0.03211452  0.21277425]
 [ 0.01347412 -0.03261521  0.21245821]
 [-0.00972807 -0.0323995   0.21191178]
 [ 0.10532767 -0.05457933  0.2053944 ]
 [ 0.0825827  -0.05344444  0.20543651]
 [ 0.06029989 -0.05414675  0.20482697]
 [ 0.03732068 -0.05390703  0.20459314]
 [ 0.01456932 -0.05408642  0.20439635]
 [-0.00903705 -0.05410476  0.2042649 ]
 [ 0.10509259 -0.07587589  0.19737607]
 [ 0.08244274 -0.07685138  0.19583143]
 [ 0.05935264 -0.07631918  0.19596456]
 [ 0.0361321  -0.07448621  0.19640331]
 [ 0.01289605 -0.07472666  0.19590808]
 [-0.01064487 -0.07557016  0.19433345]]
 
 
 [[[ 841.9491   418.7985 ]]

 [[ 900.14386  418.759  ]]

 [[ 958.917    418.5805 ]]

 [[1018.67773  418.40283]]

 [[1078.8501   418.1405 ]]

 [[1139.5808   417.95984]]

 [[ 831.0326   466.1463 ]]

 [[ 892.5144   466.17972]]

 [[ 954.6423   466.30066]]

 [[1017.4796   466.67215]]

 [[1081.1224   466.64355]]

 [[1145.2251   467.03812]]

 [[ 818.94073  519.05096]]

 [[ 883.58     519.43304]]

 [[ 949.394    520.0318 ]]

 [[1016.0721   520.55707]]

 [[1083.6586   520.9453 ]]

 [[1151.572    521.39685]]

 [[ 805.4594   578.1665 ]]

 [[ 874.31104  579.1616 ]]

 [[ 943.91583  580.118  ]]

 [[1014.63684  580.97235]]

 [[1086.4138   581.7081 ]]

 [[1158.9132   582.5963 ]]

 [[ 790.4443   644.9999 ]]

 [[ 863.4295   646.55035]]

 [[ 937.53625  648.2869 ]]

 [[1013.02924  649.61584]]

 [[1089.4546   650.9093 ]]

 [[1167.0161   651.8679 ]]]
 
 rvecs = [[-0.07107607]
 [-0.28450507]
 [-3.10318313]]
tvecs = [[ 0.03456121]
 [-0.07048432]
 [ 0.00069467]]
 
 rvecs = [[-0.07044851]
 [-0.27931372]
 [-3.10711273]]
tvecs = [[ 0.03434134]
 [-0.0706574 ]
 [ 0.00033671]]
 
 rvecs = [[-0.05670181]
 [-0.28083252]
 [-3.09143032]]
tvecs = [[ 0.03651652]
 [-0.06788221]
 [-0.00753286]]
 
 rvec = np.array([-0.05449446,-0.28705554,-3.09669436], dtype=np.float32).reshape((3, 1))  # 旋转向量
        tvec = np.array([  0.03571506,-0.07186841, 0.0034277]
        
        rvecs = [[-0.07771087]
 [-0.23135221]
 [-3.09742796]]
tvecs = [[ 0.0316979 ]
 [-0.06534911]
 [-0.00068686]]
 
rvecs = [[-0.05073245]
 [-0.26493352]
 [-3.08787602]]
tvecs = [[ 0.036672  ]
 [-0.06815654]
 [ 0.00153432]]
 
 
 
 
 
 
 
 
 
 
Vector3(0.00755166262,0.198086604,-0.0510240756)
Vector3(0.0112382863,0.19604294,-0.0455677398)
Vector3(0.0118810758,0.194990829,-0.0421904102)
Vector3(0.0118810758,0.194990829,-0.0421904102)
Vector3(0.0118914852,0.19748491,-0.042096369)
 Vector3(0.0133025348,0.197818294,-0.0417637229)
 Vector3(0.00720277056,0.198335901,-0.0377258025)
 Vector3(0.008508767,0.197281957,-0.0365750417)
 Vector3(0.015762873,0.197024852,-0.0362061858)
 Vector3(0.0165793914,0.196980923,-0.0342826433)
 Vector3(0.0165793914,0.196980923,-0.0342826433)
 Vector3(0.0147080421,0.196628124,-0.0339281857)
 Vector3(0.0114189731,0.196776852,-0.0322539955)
 Vector3(0.0143104838,0.197340861,-0.0296035577)
 Vector3(0.0163030028,0.198080584,-0.0266821906)
 Vector3(0.0112691373,0.198381856,-0.0262642801)
 Vector3(0.0151448762,0.197950661,-0.024358185)
 Vector3(0.0122383246,0.199345529,-0.0221913997)
 Vector3(0.0179780144,0.198044613,-0.020336302)
 Vector3(0.0170763265,0.19772096,-0.0143258115)
 Vector3(0.0182689652,0.199553594,-0.0137632564)
 Vector3(0.0176925194,0.197332472,-0.0119484682)
 Vector3(0.0130673582,0.197697774,-0.0119026341)
 Vector3(0.0106216744,0.198137656,-0.0117829181)
 Vector3(0.0145723969,0.198110759,-0.00841449201)
 Vector3(0.0204129834,0.201939464,-0.00746735279)
 Vector3(0.0132031851,0.200650468,-0.00654568523)
 Vector3(0.0181178171,0.199871421,-0.00375164533)
 Vector3(0.0098100733,0.199722886,0.000482444477)
 Vector3(0.0098100733,0.199722886,0.000482444477)
 Vector3(0.0124100819,0.199065626,0.00112335721)
 Vector3(0.010891879,0.198880747,0.00248318282)
 Vector3(0.0205338243,0.203724936,0.00762662059)
 Vector3(0.00982228108,0.200217098,0.0103244502)
Vector3(0.0108604133,0.201171592,0.0190826766) 
 Vector3(0.0122415125,0.200748011,0.0220221132)
 Vector3(0.0198424961,0.201806486,0.014745879)
 Vector3(0.0164890867,0.202568933,0.024454372)
 
 
 
 
Vector3(-1.36669576,1.64422727,0.019067375)
Quaternion(-0.0135679552,-0.000795229978,-0.97643429,0.215386719)
 
Vector3(0.0674830377,-0.000688956876,0.0319316015)
Quaternion(0.0802162662,-0.996438324,-0.0198738053,-0.0167643111)
 
 
 
 
 
 
 
 
